cube: FITS/NGC253-H2COJ54K1-Feather-line.fits
cuberegion: regions/NGC253BoxBand7.reg
cutoutcube: FITS/NGC253-H2COJ54K1-Feather-line.fits
cutoutcuberegion: regions/NGC253BoxBand7.reg
vz: 258.8
target: NGC253-H2COJ54K1
brightest_line_frequency: 351.768645
width_line_frequency: 351.768645
velocity_half_range: 150
noisemapbright_baseline: [[45,83],[313,327]]
noisemap_baseline: [[45,83],[313,327]]
my_line_list: 352.603542, 352.29258000, 352.199050, 351.985339, 351.92140300, 351.873873, 351.768645, 351.6334, 351.45424, 351.257224, 351.236343, 351.051705, 351.04888, 351.043524, 351.047000, 351.03919, 350.905070
my_line_widths: 60.0, 60.0, 70.0, 60.0, 40.0, 35.0, 60.0, 50.0, 60.0, 60.0, 60.0, 60.0, 60.0, 60.0, 60.0, 60.0, 60.0
my_line_names: CH3OCHO3029A1, CH3OCHO3029A2, CH3OCHO4545, C4H3736, CH3OH1111, SO2144143, H2COJ54K1, HNCO1615K0, CH2NH1010, SO25342, CH3OH910E, NOF75, CH3COOH2322, NOF97, UNIDENTIFIED, CH3COOH2322, CH3OH10A
signal_mask_limit: 2
spatial_mask_limit: 2
sample_pixel: (273,159)
