cube: FITS/NGC4945-H2COJ54K024-Feather-line.fits
cuberegion: regions/NGC4945boxband6.reg
cutoutcube: FITS/NGC4945-H2COJ54K1-Feather-line.fits
cutoutcuberegion: regions/NGC4945boxband6.reg
vz: 550
target: NGC4945-H2COJ54K024
brightest_line_frequency: 351.768645
width_line_frequency: 362.736048
velocity_half_range: 200
noisemapbright_baseline: [[171,174]]
noisemap_baseline: [[155,162]]
my_line_list: 364.275141, 364.103249, 363.945894, 363.890896, 363.785397, 362.908208, 362.736048, 362.630304
my_line_widths: 80.0, 80.0, 90.0, 80.0, 80.0, 80.0, 40.0, 80.0
my_line_names: H2COJ54K332, H2COJ54K4, H2COJ54K243, SO22424, HC3N4039, CH3OH21, H2COJ54K0, HNC43
signal_mask_limit: 2
spatial_mask_limit: 2
sample_pixel: (293,325)
