cube: FITS/NGC4945-H2COJ32K02-Feather-line.fits
cuberegion: regions/NGC4945boxband6.reg
cutoutcube: FITS/NGC4945-H213COJ32K1-Feather-line.fits
cutoutcuberegion: regions/NGC4945boxband6.reg
vz: 550
target: NGC4945-H2COJ32K02
brightest_line_frequency: 219.560358
width_line_frequency: 218.222192
velocity_half_range: 200
noisemapbright_baseline: [[375,404],[414,418]]
noisemap_baseline: [[1,4],[17,23],[377,389]]
my_line_list: 217.289800, 217.299162, 217.467150, 217.517110, 217.802057, 217.817663, 217.88639, 217.943821, 218.15897, 218.222192, 218.324711, 218.440050, 218.475632, 218.760071, 218.85439, 218.837010, 218.875369, 218.9033555, 218.981019
my_line_widths: 80.0, 80.0, 120.0, 60.0, 90.0, 90.0, 80.0, 90.0, 50.0, 60.0, 70.0, 100.0, 100.0, 70.0, 40.0, 40.0, 40.0, 40.0, 70.0
my_line_names: 13CNF122, CH3OH67, 13CNF132, CH3OCHO88, CH3OCHO4847, SIS1211, CH3OH2020, CH3OCHO4546, CH3OCHO??, H2COJ32K0, HC3N2423v0, CH3OH43, H2COJ32K221, H2COJ32K210, HC3N2423v7, C4H23224745, C4H23224543, OCS1817, HNCO109
signal_mask_limit: 2
spatial_mask_limit: 2
sample_pixel: (172,142)
